0.999798 0.75 0.1 1 0.00348432
0.999798 0.75 0.1 1 0.00348432
0.999798 0.75 0.1 1 0.00348432
0.999798 0.75 0.1 1 0.00348432
0.999798 0.75 0.1 1 0.00348432
0.999798 0.75 0.1 1 0.00348432
0.999798 0.75 0.1 1 0.00348432
0.999798 0.75 0.1 1 0.00348432
0.999798 0.75 0.1 1 0.00348432
0.999798 0.75 0.1 1 0.00348432
0.999798 0.75 0.1 1 0.00348432
0.999798 0.75 0.1 1 0.00348432
0.999798 0.75 0.1 1 0.00348432
0.999798 0.75 0.1 1 0.00348432
0.999798 0.75 0.1 1 0.00348432
0.999798 0.75 0.1 1 0.00348432
0.999798 0.75 0.1 1 0.00348432
0.999798 0.75 0.1 1 0.00348432
0.999798 0.75 0.1 1 0.00348432
0.999798 0.75 0.1 1 0.00348432
0.999798 0.75 0.1 1 0.00348432
0.999798 0.75 0.1 1 0.00348432
0.999798 0.75 0.1 1 0.00348432
0.999798 0.75 0.1 1 0.00348432
0.999798 0.75 0.1 1 0.00348432
0.999798 0.75 0.1 1 0.00348432
0.999798 0.75 0.1 1 0.00348432
0.999798 0.75 0.1 1 0.00348432
0.999798 0.75 0.1 1 0.00348432
0.999798 0.75 0.1 1 0.00348432
0.999798 0.75 0.1 1 0.00348432
0.999798 0.75 0.1 1 0.00348432
0.999798 0.75 0.1 1 0.00348432
0.999798 0.75 0.1 1 0.00348432
0.999798 0.75 0.1 1 0.00348432
0.999798 0.75 0.1 1 0.00348432
0.999798 0.75 0.1 0.999999 0.00348432
0.999798 0.750001 0.1 0.999999 0.00348432
0.999797 0.750001 0.1 0.999999 0.00348432
0.999797 0.750002 0.1 0.999998 0.00348432
0.999796 0.750003 0.1 0.999997 0.00348432
0.999795 0.750004 0.1 0.999995 0.00348431
0.999793 0.750006 0.1 0.999992 0.00348431
0.99979 0.750009 0.1 0.999988 0.00348431
0.999786 0.750014 0.1 0.999982 0.0034843
0.999779 0.750021 0.1 0.999973 0.00348429
0.999771 0.750031 0.1 0.99996 0.00348428
0.999758 0.750046 0.1 0.999942 0.00348426
0.99974 0.750066 0.1 0.999916 0.00348423
0.999714 0.750095 0.1 0.99988 0.00348419
0.999679 0.750135 0.1 0.999829 0.00348414
0.999631 0.75019 0.1 0.999761 0.00348407
0.999567 0.750264 0.1 0.999668 0.00348397
0.999481 0.750363 0.1 0.999545 0.00348384
0.999367 0.750494 0.1 0.999383 0.00348367
0.999218 0.750665 0.1 0.999171 0.00348345
0.999027 0.750885 0.1 0.998899 0.00348317
0.998784 0.751166 0.1 0.998553 0.00348281
0.998479 0.751519 0.1 0.998119 0.00348236
0.9981 0.751959 0.1 0.99758 0.0034818
0.997635 0.752499 0.1 0.99692 0.00348112
0.997071 0.753154 0.1 0.99612 0.00348029
0.996395 0.753942 0.1 0.995162 0.00347931
0.995594 0.754876 0.1 0.994029 0.00347814
0.994656 0.755973 0.1 0.992704 0.00347678
0.993569 0.757246 0.1 0.991169 0.0034752
0.992322 0.75871 0.1 0.989411 0.0034734
0.990906 0.760375 0.1 0.987418 0.00347135
0.989314 0.76225 0.1 0.98518 0.00346906
0.987541 0.764344 0.1 0.982691 0.00346651
0.985583 0.766661 0.1 0.979946 0.00346369
0.983439 0.769205 0.1 0.976945 0.00346061
0.981109 0.771976 0.1 0.973689 0.00345727
0.978596 0.774972 0.1 0.970183 0.00345367
0.975904 0.778191 0.1 0.966432 0.00344981
0.973037 0.781627 0.1 0.962446 0.0034457
0.970004 0.785275 0.1 0.958234 0.00344135
0.96681 0.789126 0.1 0.953807 0.00343677
0.963465 0.793172 0.1 0.949179 0.00343196
0.959976 0.797405 0.1 0.944361 0.00342695
0.956353 0.801816 0.1 0.939367 0.00342174
0.952605 0.806393 0.1 0.934209 0.00341635
0.94874 0.811129 0.1 0.928902 0.00341077
0.944769 0.816013 0.1 0.923458 0.00340504
0.940698 0.821037 0.1 0.91789 0.00339915
0.936537 0.826191 0.1 0.912209 0.00339312
0.932294 0.831466 0.1 0.906428 0.00338697
0.927975 0.836856 0.1 0.900556 0.00338068
0.923589 0.84235 0.1 0.894604 0.00337429
0.919141 0.847943 0.1 0.888582 0.00336779
0.914639 0.853628 0.1 0.882498 0.0033612
0.910087 0.859397 0.1 0.876361 0.00335452
0.905492 0.865246 0.1 0.870178 0.00334776
0.900858 0.871168 0.1 0.863957 0.00334092
0.896189 0.877158 0.1 0.857703 0.00333402
0.891491 0.883211 0.1 0.851424 0.00332705
0.886767 0.889324 0.1 0.845124 0.00332002
0.882021 0.895491 0.1 0.838808 0.00331294
0.877256 0.90171 0.1 0.832482 0.00330582
0.872475 0.907976 0.1 0.826149 0.00329865
0.86768 0.914287 0.1 0.819813 0.00329143
0.862876 0.92064 0.1 0.813477 0.00328418
0.858063 0.927031 0.1 0.807146 0.0032769
0.853243 0.933459 0.1 0.800821 0.00326959
0.84842 0.939922 0.1 0.794505 0.00326224
0.843594 0.946416 0.1 0.788201 0.00325487
0.838768 0.952941 0.1 0.781911 0.00324748
0.833942 0.959495 0.1 0.775636 0.00324006
0.829117 0.966076 0.1 0.769379 0.00323262
0.824296 0.972683 0.1 0.763141 0.00322516
0.819479 0.979315 0.1 0.756923 0.00321769
0.814666 0.985971 0.1 0.750726 0.0032102
0.809859 0.992649 0.1 0.744551 0.00320269
0.805059 0.999351 0.1 0.738399 0.00319517
0.800265 1.00607 0.1 0.732271 0.00318764
0.795478 1.01282 0.1 0.726167 0.00318009
0.790698 1.01958 0.1 0.720087 0.00317252
0.785925 1.02637 0.1 0.714031 0.00316495
0.78116 1.03318 0.1 0.708 0.00315736
0.776401 1.04001 0.1 0.701992 0.00314975
0.771648 1.04687 0.1 0.696007 0.00314213
0.766901 1.05375 0.1 0.690044 0.00313449
0.762159 1.06065 0.1 0.684102 0.00312684
0.75742 1.06759 0.1 0.678178 0.00311916
0.752681 1.07455 0.1 0.672272 0.00311146
0.747942 1.08155 0.1 0.66638 0.00310373
0.743198 1.08859 0.1 0.660498 0.00309597
0.738447 1.09567 0.1 0.654621 0.00308817
0.733683 1.10281 0.1 0.648745 0.00308032
0.72892 1.11001 0.1 0.642879 0.00307242
0.724208 1.11722 0.1 0.637078 0.0030645
0.719573 1.12434 0.1 0.631388 0.00305669
0.715009 1.13139 0.1 0.625799 0.00304897
0.710511 1.13837 0.1 0.620305 0.00304134
0.706076 1.14529 0.1 0.614901 0.00303378
0.7017 1.15215 0.1 0.609582 0.00302629
0.69738 1.15895 0.1 0.604345 0.00301888
0.693116 1.1657 0.1 0.599188 0.00301153
0.688906 1.17239 0.1 0.594109 0.00300425
0.684749 1.17904 0.1 0.589106 0.00299704
0.680645 1.18563 0.1 0.584179 0.00298989
0.676594 1.19217 0.1 0.579327 0.00298281
0.672596 1.19865 0.1 0.57455 0.0029758
0.668651 1.20507 0.1 0.569849 0.00296886
0.664761 1.21144 0.1 0.565223 0.00296199
0.660927 1.21775 0.1 0.560674 0.0029552
0.657149 1.22399 0.1 0.556202 0.00294849
0.65343 1.23017 0.1 0.55181 0.00294185
0.649771 1.23627 0.1 0.547499 0.0029353
0.646174 1.2423 0.1 0.54327 0.00292885
0.642641 1.24825 0.1 0.539126 0.00292248
0.639175 1.25412 0.1 0.535069 0.00291622
0.635779 1.25989 0.1 0.531102 0.00291006
0.632454 1.26557 0.1 0.527228 0.00290402
0.629205 1.27114 0.1 0.523449 0.00289809
0.626035 1.2766 0.1 0.519769 0.00289229
0.622946 1.28195 0.1 0.516191 0.00288663
0.619943 1.28717 0.1 0.51272 0.0028811
0.61703 1.29225 0.1 0.509358 0.00287573
0.61421 1.2972 0.1 0.506111 0.00287051
0.611487 1.30199 0.1 0.502981 0.00286546
0.608866 1.30663 0.1 0.499973 0.00286059
0.60635 1.3111 0.1 0.497091 0.0028559
0.603943 1.31539 0.1 0.494338 0.0028514
0.601649 1.31949 0.1 0.491719 0.00284711
0.599472 1.32341 0.1 0.489236 0.00284302
0.597414 1.32712 0.1 0.486893 0.00283915
0.595477 1.33063 0.1 0.484692 0.00283551
0.593665 1.33393 0.1 0.482634 0.00283209
0.591977 1.337 0.1 0.480721 0.00282891
0.590416 1.33986 0.1 0.478953 0.00282596
0.58898 1.3425 0.1 0.477329 0.00282324
0.587667 1.34492 0.1 0.475847 0.00282076
0.586477 1.34713 0.1 0.474503 0.0028185
0.585405 1.34911 0.1 0.473295 0.00281648
0.584448 1.3509 0.1 0.472217 0.00281467
0.583599 1.35248 0.1 0.471264 0.00281306
0.582854 1.35387 0.1 0.470427 0.00281166
0.582205 1.35509 0.1 0.469699 0.00281044
0.581645 1.35614 0.1 0.469073 0.00280939
0.581167 1.35704 0.1 0.468539 0.0028085
0.580763 1.3578 0.1 0.468088 0.00280775
0.580424 1.35844 0.1 0.467711 0.00280713
0.580143 1.35897 0.1 0.4674 0.00280662
0.579913 1.3594 0.1 0.467146 0.00280621
0.579725 1.35975 0.1 0.466941 0.00280589
0.579575 1.36003 0.1 0.466777 0.00280563
0.579455 1.36025 0.1 0.466648 0.00280544
0.579361 1.36043 0.1 0.466548 0.00280529
0.579287 1.36056 0.1 0.466471 0.00280519
0.579229 1.36066 0.1 0.466413 0.00280511
0.579185 1.36074 0.1 0.46637 0.00280507
0.579151 1.36079 0.1 0.466338 0.00280504
0.579124 1.36083 0.1 0.466315 0.00280503
0.579104 1.36086 0.1 0.466299 0.00280504
0.579088 1.36088 0.1 0.466288 0.00280505
0.579075 1.36089 0.1 0.466281 0.00280507
0.579064 1.3609 0.1 0.466276 0.00280509
0.579055 1.3609 0.1 0.466273 0.00280512
0.579046 1.36091 0.1 0.466272 0.00280515
0.579038 1.36091 0.1 0.466271 0.00280518
0.579031 1.36091 0.1 0.466271 0.00280522
0.579024 1.36091 0.1 0.466271 0.00280526
0.579016 1.36091 0.1 0.466271 0.00280529
0.579009 1.3609 0.1 0.466272 0.00280533
0.579001 1.3609 0.1 0.466272 0.00280537
0.578993 1.3609 0.1 0.466272 0.00280541
0.578985 1.3609 0.1 0.466272 0.00280545
0.578976 1.3609 0.1 0.466273 0.00280549
0.578968 1.3609 0.1 0.466273 0.00280554
0.578959 1.3609 0.1 0.466273 0.00280558
0.578949 1.3609 0.1 0.466273 0.00280563
0.57894 1.3609 0.1 0.466273 0.00280567
0.57893 1.3609 0.1 0.466273 0.00280572
0.57892 1.3609 0.1 0.466273 0.00280577
0.578909 1.3609 0.1 0.466272 0.00280582
0.578899 1.3609 0.1 0.466272 0.00280587
0.578888 1.3609 0.1 0.466272 0.00280592
0.578876 1.3609 0.1 0.466272 0.00280598
0.578864 1.3609 0.1 0.466272 0.00280603
0.578852 1.3609 0.1 0.466271 0.00280609
0.57884 1.3609 0.1 0.466271 0.00280615
0.578827 1.3609 0.1 0.466271 0.00280621
0.578813 1.3609 0.1 0.466271 0.00280627
0.5788 1.3609 0.1 0.466271 0.00280634
0.578785 1.3609 0.1 0.46627 0.00280641
0.578771 1.3609 0.1 0.46627 0.00280648
0.578755 1.3609 0.1 0.46627 0.00280655
0.57874 1.3609 0.1 0.466269 0.00280662
0.578723 1.3609 0.1 0.466269 0.0028067
0.578706 1.3609 0.1 0.466269 0.00280678
0.578688 1.3609 0.1 0.466269 0.00280687
0.57867 1.3609 0.0999999 0.466268 0.00280695
0.57865 1.3609 0.0999999 0.466268 0.00280705
0.57863 1.3609 0.0999998 0.466268 0.00280714
0.578609 1.3609 0.0999997 0.466267 0.00280725
0.578586 1.3609 0.0999995 0.466267 0.00280735
0.578562 1.3609 0.0999993 0.466267 0.00280747
0.578536 1.3609 0.0999989 0.466266 0.00280759
0.578508 1.3609 0.0999983 0.466266 0.00280772
0.578478 1.3609 0.0999975 0.466266 0.00280787
0.578444 1.3609 0.0999964 0.466265 0.00280803
0.578407 1.3609 0.0999947 0.466265 0.00280821
0.578364 1.3609 0.0999924 0.466265 0.00280842
0.578315 1.3609 0.0999891 0.466264 0.00280865
0.578258 1.3609 0.0999846 0.466264 0.00280893
0.57819 1.3609 0.0999784 0.466264 0.00280925
0.57811 1.3609 0.09997 0.466263 0.00280964
0.578012 1.3609 0.0999587 0.466263 0.00281011
0.577894 1.3609 0.0999435 0.466262 0.00281069
0.57775 1.3609 0.0999235 0.466262 0.00281139
0.577573 1.36089 0.0998973 0.466262 0.00281224
0.577357 1.36089 0.0998633 0.466261 0.0028133
0.577091 1.36089 0.0998194 0.466261 0.00281459
0.576766 1.36089 0.0997636 0.466261 0.00281618
0.576369 1.36089 0.0996928 0.46626 0.00281811
0.575886 1.36089 0.0996042 0.46626 0.00282047
0.575301 1.36089 0.0994938 0.46626 0.00282334
0.574598 1.36089 0.0993577 0.466259 0.00282679
0.573756 1.36089 0.0991912 0.466259 0.00283094
0.572755 1.36089 0.0989889 0.466258 0.00283588
0.571572 1.36089 0.0987451 0.466258 0.00284175
0.570183 1.36089 0.0984537 0.466258 0.00284867
0.568565 1.36089 0.0981077 0.466257 0.00285678
0.566692 1.36089 0.0976999 0.466257 0.00286622
0.564539 1.36089 0.0972228 0.466257 0.00287714
0.562083 1.36089 0.0966684 0.466256 0.00288971
0.559301 1.36089 0.0960284 0.466256 0.00290408
0.556174 1.36089 0.0952946 0.466255 0.00292041
0.552682 1.36089 0.0944584 0.466255 0.00293886
0.548813 1.36089 0.0935117 0.466255 0.00295957
0.544556 1.36089 0.0924463 0.466254 0.00298271
0.539907 1.36089 0.0912546 0.466254 0.00300839
0.534865 1.36089 0.0899294 0.466254 0.00303674
0.529437 1.36089 0.0884644 0.466253 0.00306788
0.523635 1.36089 0.0868539 0.466253 0.00310187
0.517476 1.36089 0.0850937 0.466253 0.00313879
0.510984 1.36089 0.0831805 0.466252 0.00317866
0.50419 1.36089 0.0811128 0.466252 0.00322149
0.497129 1.3609 0.0788906 0.466252 0.00326725
0.489839 1.3609 0.076516 0.466251 0.00331586
0.482367 1.3609 0.073993 0.466251 0.00336723
0.474758 1.3609 0.0713278 0.466251 0.00342119
0.467063 1.3609 0.0685291 0.46625 0.00347756
0.459332 1.3609 0.0656078 0.46625 0.00353608
0.451618 1.3609 0.0625773 0.46625 0.00359648
0.443969 1.3609 0.0594534 0.46625 0.00365844
0.436436 1.3609 0.056254 0.466249 0.00372159
0.429064 1.36091 0.0529988 0.466249 0.00378552
0.421897 1.36091 0.0497095 0.466249 0.00384983
0.414973 1.36091 0.0464087 0.466248 0.00391406
0.408326 1.36091 0.0431199 0.466248 0.00397778
0.401985 1.36091 0.0398668 0.466248 0.00404052
0.395974 1.36091 0.0366727 0.466248 0.00410186
0.39031 1.36091 0.03356 0.466247 0.00416138
0.385006 1.36092 0.0305496 0.466247 0.0042187
0.38007 1.36092 0.0276602 0.466247 0.00427349
0.375503 1.36092 0.0249084 0.466247 0.00432547
0.371303 1.36092 0.0223076 0.466246 0.00437439
0.367464 1.36092 0.0198685 0.466246 0.00442009
0.363975 1.36092 0.0175984 0.466246 0.00446245
0.360823 1.36092 0.0155016 0.466245 0.00450143
0.357992 1.36092 0.0135793 0.466245 0.00453703
0.355463 1.36092 0.0118302 0.466245 0.0045693
0.353218 1.36092 0.01025 0.466245 0.00459835
0.351235 1.36092 0.00883284 0.466244 0.0046243
0.349495 1.36092 0.00757068 0.466244 0.00464732
0.347975 1.36092 0.00645432 0.466244 0.00466761
0.346656 1.36092 0.00547355 0.466244 0.00468537
0.345517 1.36092 0.00461759 0.466243 0.00470082
0.344539 1.36092 0.00387537 0.466243 0.00471416
0.343704 1.36092 0.00323582 0.466243 0.00472561
0.342994 1.36092 0.00268814 0.466243 0.00473539
0.342395 1.36092 0.00222197 0.466242 0.00474367
0.341891 1.36092 0.00182754 0.466242 0.00475066
0.34147 1.36092 0.00149572 0.466242 0.00475652
0.34112 1.36092 0.00121819 0.466242 0.0047614
0.34083 1.36092 0.000987355 0.466241 0.00476544
0.340592 1.36091 0.000796419 0.466241 0.00476877
0.340397 1.36091 0.000639345 0.466241 0.0047715
0.340238 1.36091 0.000510819 0.46624 0.00477373
0.340109 1.36091 0.000406208 0.46624 0.00477553
0.340005 1.36091 0.000321508 0.46624 0.00477699
0.339922 1.36091 0.000253283 0.466239 0.00477815
0.339855 1.36091 0.00019861 0.466239 0.00477909
0.339803 1.36091 0.000155019 0.466239 0.00477983
0.339761 1.36091 0.000120438 0.466239 0.00478041
0.339728 1.36091 9.31422e-05 0.466238 0.00478087
0.339702 1.36091 7.17031e-05 0.466238 0.00478123
0.339682 1.36091 5.49468e-05 0.466238 0.00478151
0.339666 1.36091 4.19147e-05 0.466237 0.00478173
0.339654 1.36091 3.18282e-05 0.466237 0.00478189
0.339645 1.36091 2.40594e-05 0.466237 0.00478202
0.339638 1.36091 1.81045e-05 0.466236 0.00478212
0.339632 1.36091 1.35618e-05 0.466236 0.00478219
0.339628 1.3609 1.0113e-05 0.466236 0.00478225
0.339625 1.3609 7.50718e-06 0.466235 0.00478229
0.339622 1.3609 5.54761e-06 0.466235 0.00478233
0.33962 1.3609 4.081e-06 0.466234 0.00478235
0.339619 1.3609 2.98853e-06 0.466234 0.00478237
0.339617 1.3609 2.17859e-06 0.466234 0.00478238
0.339616 1.3609 1.58094e-06 0.466233 0.00478239
0.339615 1.3609 1.14202e-06 0.466233 0.0047824
0.339615 1.3609 8.21192e-07 0.466232 0.0047824
0.339614 1.3609 5.87786e-07 0.466232 0.00478241
0.339614 1.3609 4.18782e-07 0.466232 0.00478241
0.339613 1.3609 2.96989e-07 0.466231 0.00478241
0.339613 1.36089 2.09635e-07 0.466231 0.00478242
0.339612 1.36089 1.47279e-07 0.46623 0.00478242
0.339612 1.36089 1.0298e-07 0.46623 0.00478242
0.339611 1.36089 7.16611e-08 0.466229 0.00478242
0.339611 1.36089 4.96254e-08 0.466229 0.00478242
0.339611 1.36089 3.41971e-08 0.466228 0.00478242
0.33961 1.36089 2.34479e-08 0.466228 0.00478242
0.33961 1.36089 1.5996e-08 0.466228 0.00478242
0.33961 1.36089 1.08561e-08 0.466227 0.00478242
0.339609 1.36089 7.32877e-09 0.466226 0.00478242
0.339608 1.36088 4.92076e-09 0.466225 0.00478242
0.339607 1.36088 3.28555e-09 0.466223 0.00478242
0.339606 1.36088 2.18112e-09 0.466222 0.00478241
0.339607 1.36088 1.4393e-09 0.466224 0.00478242
0.339611 1.36089 9.43882e-10 0.466232 0.00478245
0.339619 1.36092 6.1496e-10 0.466247 0.00478249
0.339625 1.36095 3.97908e-10 0.466258 0.00478253
0.339616 1.36095 2.55585e-10 0.466242 0.00478248
0.339574 1.36082 1.62881e-10 0.466159 0.00478223
0.339484 1.3605 1.0292e-10 0.465986 0.00478172
0.33938 1.36004 6.44268e-11 0.465787 0.00478114
0.339391 1.35982 3.99157e-11 0.465811 0.00478124
0.339757 1.36076 2.44462e-11 0.466523 0.00478337
0.340708 1.36398 1.4778e-11 0.46836 0.00478881
0.342076 1.36956 8.79885e-12 0.470995 0.0047965
0.342675 1.37413 5.1412e-12 0.472125 0.0047996
0.339789 1.36845 2.92826e-12 0.466486 0.00478255
0.329447 1.33737 1.60582e-12 0.446503 0.00472139
0.308038 1.26245 8.29623e-13 0.405817 0.0045894
0.2749 1.12612 3.89002e-13 0.344592 0.00436678
0.234337 0.91637 1.55126e-13 0.2726 0.00405243
0.194323 0.642698 4.69263e-14 0.204523 0.00366648
0.162199 0.359539 8.90912e-15 0.152396 0.00327307
0.141498 0.1464 8.0005e-16 0.121257 0.00298528
0.130926 0.0436765 2.40357e-17 0.107063 0.00284869
0.126737 0.0116176 1.79036e-19 0.102009 0.00280393
0.125448 0.00302926 2.85053e-22 0.100533 0.00279173
0.125098 0.000782964 9.33659e-26 0.100138 0.00278856
0.125006 0.000202276 6.31204e-30 0.100036 0.00278774
0.124983 5.23017e-05 8.93816e-35 0.100009 0.00278753
0.124977 1.35305e-05 2.68675e-40 0.100002 0.00278748
0.124975 3.50035e-06 1.72965e-46 0.100001 0.00278746
0.124975 9.0542e-07 2.39671e-53 0.1 0.00278746
0.124975 2.34183e-07 7.16665e-61 0.1 0.00278746
0.124975 6.05698e-08 4.63011e-69 0.1 0.00278746
0.124975 1.56662e-08 6.46743e-78 0.1 0.00278746
0.124975 4.05209e-09 1.9549e-87 0.1 0.00278746
0.124975 1.04808e-09 1.28102e-97 0.1 0.00278746
0.124975 2.71086e-10 1.82539e-108 0.1 0.00278746
0.124975 7.01165e-11 5.67914e-120 0.1 0.00278746
0.124975 1.81356e-11 3.87436e-132 0.1 0.00278746
0.124975 4.69064e-12 5.81763e-145 0.1 0.00278746
0.124975 1.21303e-12 1.92818e-158 0.1 0.00278746
0.124975 3.13576e-13 1.41294e-172 0.1 0.00278746
0.124975 8.09858e-14 2.28986e-187 0.1 0.00278746
0.124975 2.09548e-14 8.21314e-203 0.1 0.00278746
0.124975 5.28548e-15 6.47985e-219 0.1 0.00278746
0.124975 1.31812e-15 1.11179e-235 0.1 0.00278746
0.124975 2.83012e-16 4.09761e-253 0.1 0.00278746
0.124975 2.34143e-17 2.69029e-271 0.1 0.00278746
0.124975 0 0 0.1 0.00278746
0.124975 0 0 0.1 0.00278746
0.124975 0 0 0.1 0.00278746
0.124975 0 0 0.1 0.00278746
0.124975 0 0 0.1 0.00278746
0.124975 0 0 0.1 0.00278746
0.124975 0 0 0.1 0.00278746
0.124975 0 0 0.1 0.00278746
0.124975 0 0 0.1 0.00278746
0.124975 0 0 0.1 0.00278746
0.124975 0 0 0.1 0.00278746
0.124975 0 0 0.1 0.00278746
0.124975 0 0 0.1 0.00278746
0.124975 0 0 0.1 0.00278746
0.124975 0 0 0.1 0.00278746
0.124975 0 0 0.1 0.00278746
0.124975 0 0 0.1 0.00278746
0.124975 0 0 0.1 0.00278746
0.124975 0 0 0.1 0.00278746
0.124975 0 0 0.1 0.00278746
0.124975 0 0 0.1 0.00278746
0.124975 0 0 0.1 0.00278746
0.124975 0 0 0.1 0.00278746
0.124975 0 0 0.1 0.00278746
0.124975 0 0 0.1 0.00278746
0.124975 0 0 0.1 0.00278746
0.124975 0 0 0.1 0.00278746
0.124975 0 0 0.1 0.00278746
0.124975 0 0 0.1 0.00278746
0.124975 0 0 0.1 0.00278746
0.124975 0 0 0.1 0.00278746
0.124975 0 0 0.1 0.00278746
0.124975 0 0 0.1 0.00278746
0.124975 0 0 0.1 0.00278746
0.124975 0 0 0.1 0.00278746
0.124975 0 0 0.1 0.00278746
0.124975 0 0 0.1 0.00278746
0.124975 0 0 0.1 0.00278746
0.124975 0 0 0.1 0.00278746
0.124975 0 0 0.1 0.00278746
0.124975 0 0 0.1 0.00278746
0.124975 0 0 0.1 0.00278746
0.124975 0 0 0.1 0.00278746
0.124975 0 0 0.1 0.00278746
0.124975 0 0 0.1 0.00278746
0.124975 0 0 0.1 0.00278746
0.124975 0 0 0.1 0.00278746
0.124975 0 0 0.1 0.00278746
0.124975 0 0 0.1 0.00278746
0.124975 0 0 0.1 0.00278746
0.124975 0 0 0.1 0.00278746
0.124975 0 0 0.1 0.00278746
0.124975 0 0 0.1 0.00278746
0.124975 0 0 0.1 0.00278746
0.124975 0 0 0.1 0.00278746
0.124975 0 0 0.1 0.00278746
0.124975 0 0 0.1 0.00278746
0.124975 0 0 0.1 0.00278746
0.124975 0 0 0.1 0.00278746
0.124975 0 0 0.1 0.00278746
0.124975 0 0 0.1 0.00278746
0.124975 0 0 0.1 0.00278746
0.124975 0 0 0.1 0.00278746
0.124975 0 0 0.1 0.00278746
0.124975 0 0 0.1 0.00278746
0.124975 0 0 0.1 0.00278746
0.124975 0 0 0.1 0.00278746
0.124975 0 0 0.1 0.00278746
0.124975 0 0 0.1 0.00278746
0.124975 0 0 0.1 0.00278746
0.124975 0 0 0.1 0.00278746
0.124975 0 0 0.1 0.00278746
0.124975 0 0 0.1 0.00278746
0.124975 0 0 0.1 0.00278746
0.124975 0 0 0.1 0.00278746
0.124975 0 0 0.1 0.00278746
0.124975 0 0 0.1 0.00278746
0.124975 0 0 0.1 0.00278746
0.124975 0 0 0.1 0.00278746
0.124975 0 0 0.1 0.00278746
0.124975 0 0 0.1 0.00278746
0.124975 0 0 0.1 0.00278746
0.124975 0 0 0.1 0.00278746
0.124975 0 0 0.1 0.00278746
0.124975 0 0 0.1 0.00278746
0.124975 0 0 0.1 0.00278746
0.124975 0 0 0.1 0.00278746
0.124975 0 0 0.1 0.00278746
0.124975 0 0 0.1 0.00278746
0.124975 0 0 0.1 0.00278746
0.124975 0 0 0.1 0.00278746
0.124975 0 0 0.1 0.00278746
0.124975 0 0 0.1 0.00278746
0.124975 0 0 0.1 0.00278746
0.124975 0 0 0.1 0.00278746
0.124975 0 0 0.1 0.00278746
0.124975 0 0 0.1 0.00278746
0.124975 0 0 0.1 0.00278746
0.124975 0 0 0.1 0.00278746
0.124975 0 0 0.1 0.00278746
0.124975 0 0 0.1 0.00278746
0.124975 0 0 0.1 0.00278746
0.124975 0 0 0.1 0.00278746
0.124975 0 0 0.1 0.00278746
0.124975 0 0 0.1 0.00278746
